-19.5986	3.42458e-05
-19.5559	3.5422e-05
-19.5132	3.66358e-05
-19.4705	3.78884e-05
-19.4278	3.9181e-05
-19.3851	4.05146e-05
-19.3424	4.18906e-05
-19.2996	4.33102e-05
-19.2569	4.47745e-05
-19.2142	4.62849e-05
-19.1715	4.78428e-05
-19.1288	4.94495e-05
-19.0861	5.11063e-05
-19.0434	5.28148e-05
-19.0007	5.45764e-05
-18.958	5.63925e-05
-18.9153	5.82649e-05
-18.8725	6.01949e-05
-18.8298	6.21843e-05
-18.7871	6.42348e-05
-18.7444	6.63479e-05
-18.7017	6.85255e-05
-18.659	7.07694e-05
-18.6163	7.30814e-05
-18.5736	7.54633e-05
-18.5309	7.79172e-05
-18.4882	8.04449e-05
-18.4454	8.30485e-05
-18.4027	8.573e-05
-18.36	8.84916e-05
-18.3173	9.13355e-05
-18.2746	9.42637e-05
-18.2319	9.72788e-05
-18.1892	0.000100383
-18.1465	0.000103578
-18.1038	0.000106868
-18.0611	0.000110253
-18.0183	0.000113738
-17.9756	0.000117324
-17.9329	0.000121014
-17.8902	0.000124811
-17.8475	0.000128718
-17.8048	0.000132737
-17.7621	0.000136872
-17.7194	0.000141125
-17.6767	0.000145499
-17.634	0.000149998
-17.5912	0.000154625
-17.5485	0.000159383
-17.5058	0.000164275
-17.4631	0.000169305
-17.4204	0.000174475
-17.3777	0.000179791
-17.335	0.000185255
-17.2923	0.000190871
-17.2496	0.000196642
-17.2069	0.000202574
-17.1641	0.000208668
-17.1214	0.000214931
-17.0787	0.000221365
-17.036	0.000227974
-16.9933	0.000234764
-16.9506	0.000241738
-16.9079	0.000248901
-16.8652	0.000256258
-16.8225	0.000263812
-16.7798	0.00027157
-16.737	0.000279534
-16.6943	0.000287711
-16.6516	0.000296106
-16.6089	0.000304723
-16.5662	0.000313567
-16.5235	0.000322645
-16.4808	0.000331961
-16.4381	0.000341521
-16.3954	0.00035133
-16.3527	0.000361394
-16.3099	0.000371719
-16.2672	0.000382311
-16.2245	0.000393176
-16.1818	0.00040432
-16.1391	0.000415749
-16.0964	0.00042747
-16.0537	0.000439489
-16.011	0.000451812
-15.9683	0.000464447
-15.9256	0.0004774
-15.8828	0.000490678
-15.8401	0.000504288
-15.7974	0.000518238
-15.7547	0.000532534
-15.712	0.000547185
-15.6693	0.000562196
-15.6266	0.000577578
-15.5839	0.000593336
-15.5412	0.00060948
-15.4985	0.000626016
-15.4557	0.000642954
-15.413	0.000660302
-15.3703	0.000678067
-15.3276	0.00069626
-15.2849	0.000714888
-15.2422	0.00073396
-15.1995	0.000753485
-15.1568	0.000773473
-15.1141	0.000793933
-15.0714	0.000814874
-15.0286	0.000836306
-14.9859	0.000858238
-14.9432	0.00088068
-14.9005	0.000903643
-14.8578	0.000927136
-14.8151	0.00095117
-14.7724	0.000975755
-14.7297	0.0010009
-14.687	0.00102662
-14.6443	0.00105292
-14.6015	0.00107982
-14.5588	0.00110732
-14.5161	0.00113544
-14.4734	0.00116419
-14.4307	0.00119358
-14.388	0.00122362
-14.3453	0.00125432
-14.3026	0.0012857
-14.2599	0.00131777
-14.2172	0.00135053
-14.1744	0.00138401
-14.1317	0.00141822
-14.089	0.00145316
-14.0463	0.00148886
-14.0036	0.00152532
-13.9609	0.00156255
-13.9182	0.00160058
-13.8755	0.00163941
-13.8328	0.00167907
-13.7901	0.00171955
-13.7473	0.00176088
-13.7046	0.00180307
-13.6619	0.00184614
-13.6192	0.00189009
-13.5765	0.00193495
-13.5338	0.00198073
-13.4911	0.00202744
-13.4484	0.0020751
-13.4057	0.00212373
-13.363	0.00217333
-13.3202	0.00222393
-13.2775	0.00227554
-13.2348	0.00232818
-13.1921	0.00238186
-13.1494	0.00243659
-13.1067	0.0024924
-13.064	0.0025493
-13.0213	0.00260731
-12.9786	0.00266644
-12.9359	0.00272671
-12.8931	0.00278814
-12.8504	0.00285074
-12.8077	0.00291454
-12.765	0.00297954
-12.7223	0.00304577
-12.6796	0.00311324
-12.6369	0.00318197
-12.5942	0.00325197
-12.5515	0.00332328
-12.5088	0.00339589
-12.466	0.00346984
-12.4233	0.00354514
-12.3806	0.0036218
-12.3379	0.00369985
-12.2952	0.00377931
-12.2525	0.00386018
-12.2098	0.0039425
-12.1671	0.00402627
-12.1244	0.00411152
-12.0817	0.00419827
-12.0389	0.00428654
-11.9962	0.00437633
-11.9535	0.00446768
-11.9108	0.0045606
-11.8681	0.00465511
-11.8254	0.00475122
-11.7827	0.00484897
-11.74	0.00494836
-11.6973	0.00504941
-11.6546	0.00515215
-11.6118	0.0052566
-11.5691	0.00536276
-11.5264	0.00547067
-11.4837	0.00558034
-11.441	0.00569178
-11.3983	0.00580503
-11.3556	0.00592009
-11.3129	0.00603699
-11.2702	0.00615574
-11.2275	0.00627637
-11.1847	0.00639889
-11.142	0.00652332
-11.0993	0.00664968
-11.0566	0.00677799
-11.0139	0.00690827
-10.9712	0.00704053
-10.9285	0.00717479
-10.8858	0.00731108
-10.8431	0.00744941
-10.8004	0.00758979
-10.7576	0.00773226
-10.7149	0.00787681
-10.6722	0.00802348
-10.6295	0.00817227
-10.5868	0.00832322
-10.5441	0.00847632
-10.5014	0.00863161
-10.4587	0.0087891
-10.416	0.0089488
-10.3733	0.00911073
-10.3305	0.0092749
-10.2878	0.00944134
-10.2451	0.00961006
-10.2024	0.00978108
-10.1597	0.0099544
-10.117	0.0101301
-10.0743	0.010308
-10.0316	0.0104884
-9.98886	0.0106711
-9.94615	0.0108562
-9.90344	0.0110437
-9.86073	0.0112336
-9.81802	0.0114259
-9.77531	0.0116207
-9.7326	0.0118179
-9.68989	0.0120176
-9.64718	0.0122197
-9.60447	0.0124244
-9.56176	0.0126315
-9.51905	0.0128412
-9.47634	0.0130533
-9.43363	0.013268
-9.39092	0.0134852
-9.34821	0.013705
-9.3055	0.0139273
-9.26279	0.0141522
-9.22008	0.0143797
-9.17737	0.0146097
-9.13466	0.0148424
-9.09195	0.0150776
-9.04924	0.0153154
-9.00653	0.0155559
-8.96382	0.0157989
-8.92111	0.0160446
-8.8784	0.0162928
-8.83569	0.0165437
-8.79298	0.0167973
-8.75027	0.0170534
-8.70756	0.0173122
-8.66485	0.0175736
-8.62214	0.0178377
-8.57943	0.0181044
-8.53672	0.0183737
-8.49401	0.0186457
-8.4513	0.0189203
-8.40859	0.0191975
-8.36588	0.0194773
-8.32317	0.0197598
-8.28046	0.0200449
-8.23775	0.0203326
-8.19504	0.0206229
-8.15233	0.0209159
-8.10962	0.0212114
-8.06691	0.0215095
-8.0242	0.0218102
-7.98149	0.0221135
-7.93878	0.0224193
-7.89607	0.0227277
-7.85336	0.0230386
-7.81065	0.0233521
-7.76794	0.0236681
-7.72523	0.0239866
-7.68252	0.0243076
-7.63981	0.0246311
-7.5971	0.0249571
-7.55439	0.0252855
-7.51168	0.0256163
-7.46897	0.0259496
-7.42626	0.0262852
-7.38355	0.0266233
-7.34084	0.0269636
-7.29813	0.0273064
-7.25542	0.0276514
-7.21271	0.0279988
-7.17	0.0283484
-7.12729	0.0287003
-7.08458	0.0290544
-7.04187	0.0294107
-6.99916	0.0297692
-6.95645	0.0301299
-6.91374	0.0304927
-6.87103	0.0308575
-6.82832	0.0312244
-6.78561	0.0315934
-6.7429	0.0319644
-6.70019	0.0323373
-6.65748	0.0327122
-6.61477	0.033089
-6.57206	0.0334677
-6.52935	0.0338482
-6.48664	0.0342305
-6.44393	0.0346146
-6.40122	0.0350004
-6.35851	0.0353879
-6.3158	0.0357771
-6.27309	0.0361679
-6.23038	0.0365602
-6.18767	0.0369541
-6.14496	0.0373495
-6.10225	0.0377464
-6.05954	0.0381446
-6.01683	0.0385442
-5.97412	0.0389452
-5.93141	0.0393474
-5.8887	0.0397508
-5.84599	0.0401554
-5.80328	0.0405611
-5.76057	0.0409679
-5.71786	0.0413758
-5.67515	0.0417846
-5.63244	0.0421944
-5.58973	0.042605
-5.54702	0.0430165
-5.50431	0.0434288
-5.4616	0.0438417
-5.41889	0.0442554
-5.37618	0.0446696
-5.33347	0.0450845
-5.29076	0.0454998
-5.24805	0.0459155
-5.20534	0.0463317
-5.16263	0.0467481
-5.11992	0.0471649
-5.07721	0.0475818
-5.0345	0.0479989
-4.99179	0.0484161
-4.94908	0.0488334
-4.90637	0.0492506
-4.86366	0.0496677
-4.82095	0.0500846
-4.77824	0.0505013
-4.73553	0.0509178
-4.69282	0.0513339
-4.65011	0.0517495
-4.6074	0.0521648
-4.56469	0.0525794
-4.52198	0.0529935
-4.47927	0.0534069
-4.43656	0.0538195
-4.39385	0.0542314
-4.35114	0.0546423
-4.30843	0.0550524
-4.26572	0.0554614
-4.22301	0.0558693
-4.1803	0.0562761
-4.13759	0.0566817
-4.09488	0.057086
-4.05217	0.057489
-4.00946	0.0578906
-3.96675	0.0582906
-3.92404	0.0586891
-3.88133	0.059086
-3.83862	0.0594811
-3.79591	0.0598745
-3.7532	0.0602661
-3.71049	0.0606558
-3.66778	0.0610435
-3.62507	0.0614291
-3.58236	0.0618126
-3.53965	0.062194
-3.49694	0.062573
-3.45423	0.0629498
-3.41152	0.0633242
-3.36881	0.0636961
-3.3261	0.0640654
-3.28339	0.0644322
-3.24068	0.0647963
-3.19797	0.0651576
-3.15526	0.0655161
-3.11255	0.0658718
-3.06984	0.0662245
-3.02713	0.0665742
-2.98442	0.0669208
-2.94171	0.0672643
-2.899	0.0676045
-2.85629	0.0679415
-2.81358	0.0682751
-2.77087	0.0686053
-2.72816	0.068932
-2.68545	0.0692552
-2.64274	0.0695748
-2.60003	0.0698907
-2.55732	0.0702028
-2.51461	0.0705112
-2.4719	0.0708157
-2.42919	0.0711163
-2.38648	0.0714129
-2.34377	0.0717054
-2.30106	0.0719939
-2.25835	0.0722782
-2.21564	0.0725582
-2.17293	0.072834
-2.13022	0.0731055
-2.08751	0.0733725
-2.0448	0.0736351
-2.00209	0.0738932
-1.95938	0.0741468
-1.91667	0.0743957
-1.87396	0.07464
-1.83125	0.0748796
-1.78854	0.0751144
-1.74583	0.0753444
-1.70312	0.0755695
-1.66041	0.0757897
-1.6177	0.076005
-1.57499	0.0762153
-1.53228	0.0764205
-1.48957	0.0766206
-1.44686	0.0768156
-1.40415	0.0770054
-1.36144	0.07719
-1.31873	0.0773694
-1.27602	0.0775434
-1.23331	0.0777122
-1.1906	0.0778755
-1.14789	0.0780335
-1.10518	0.078186
-1.06247	0.078333
-1.01976	0.0784746
-0.977047	0.0786106
-0.934337	0.078741
-0.891627	0.0788659
-0.848917	0.0789851
-0.806207	0.0790987
-0.763497	0.0792066
-0.720787	0.0793088
-0.678077	0.0794053
-0.635367	0.0794961
-0.592657	0.0795811
-0.549947	0.0796604
-0.507237	0.0797338
-0.464527	0.0798014
-0.421817	0.0798632
-0.379107	0.0799192
-0.336397	0.0799693
-0.293687	0.0800136
-0.250977	0.080052
-0.208267	0.0800845
-0.165557	0.0801111
-0.122847	0.0801319
-0.0801366	0.0801467
-0.0374266	0.0801556
0.00528343	0.0801587
0.0479935	0.0801558
0.0907035	0.080147
0.133413	0.0801323
0.176124	0.0801118
0.218834	0.0800853
0.261544	0.0800529
0.304254	0.0800147
0.346964	0.0799706
0.389674	0.0799206
0.432384	0.0798648
0.475094	0.0798032
0.517804	0.0797357
0.560514	0.0796624
0.603224	0.0795833
0.645934	0.0794985
0.688644	0.0794078
0.731354	0.0793115
0.774064	0.0792094
0.816774	0.0791016
0.859484	0.0789882
0.902194	0.0788691
0.944904	0.0787444
0.987614	0.0786141
1.03032	0.0784783
1.07303	0.0783369
1.11574	0.07819
1.15845	0.0780376
1.20116	0.0778798
1.24387	0.0777166
1.28658	0.077548
1.32929	0.0773741
1.372	0.0771949
1.41471	0.0770104
1.45742	0.0768207
1.50013	0.0766259
1.54284	0.0764259
1.58555	0.0762208
1.62826	0.0760107
1.67097	0.0757955
1.71368	0.0755755
1.75639	0.0753504
1.7991	0.0751206
1.84181	0.0748859
1.88452	0.0746465
1.92723	0.0744023
1.96994	0.0741535
2.01265	0.0739001
2.05536	0.0736421
2.09807	0.0733796
2.14078	0.0731126
2.18349	0.0728413
2.2262	0.0725656
2.26891	0.0722857
2.31162	0.0720015
2.35433	0.0717132
2.39704	0.0714207
2.43975	0.0711242
2.48246	0.0708238
2.52517	0.0705194
2.56788	0.0702111
2.61059	0.0698991
2.6533	0.0695833
2.69601	0.0692638
2.73872	0.0689407
2.78143	0.0686141
2.82414	0.068284
2.86685	0.0679504
2.90956	0.0676136
2.95227	0.0672734
2.99498	0.06693
3.03769	0.0665835
3.0804	0.0662339
3.12311	0.0658812
3.16583	0.0655257
3.20854	0.0651672
3.25125	0.0648059
3.29396	0.0644419
3.33667	0.0640752
3.37938	0.0637059
3.42209	0.0633341
3.4648	0.0629598
3.50751	0.0625831
3.55022	0.0622041
3.59293	0.0618228
3.63564	0.0614394
3.67835	0.0610538
3.72106	0.0606661
3.76377	0.0602765
3.80648	0.059885
3.84919	0.0594917
3.8919	0.0590965
3.93461	0.0586997
3.97732	0.0583012
4.02003	0.0579012
4.06274	0.0574997
4.10545	0.0570968
4.14816	0.0566925
4.19087	0.056287
4.23358	0.0558802
4.27629	0.0554723
4.319	0.0550633
4.36171	0.0546533
4.40442	0.0542423
4.44713	0.0538305
4.48984	0.0534179
4.53255	0.0530045
4.57526	0.0525905
4.61797	0.0521758
4.66068	0.0517606
4.70339	0.051345
4.7461	0.0509289
4.78881	0.0505124
4.83152	0.0500957
4.87423	0.0496788
4.91694	0.0492617
4.95965	0.0488445
5.00236	0.0484273
5.04507	0.0480101
5.08778	0.047593
5.13049	0.047176
5.1732	0.0467593
5.21591	0.0463428
5.25862	0.0459266
5.30133	0.0455108
5.34404	0.0450955
5.38675	0.0446807
5.42946	0.0442664
5.47217	0.0438528
5.51488	0.0434398
5.55759	0.0430275
5.6003	0.042616
5.64301	0.0422053
5.68572	0.0417955
5.72843	0.0413867
5.77114	0.0409788
5.81385	0.040572
5.85656	0.0401662
5.89927	0.0397616
5.94198	0.0393581
5.98469	0.0389559
6.0274	0.0385549
6.07011	0.0381553
6.11282	0.037757
6.15553	0.0373601
6.19824	0.0369647
6.24095	0.0365707
6.28366	0.0361783
6.32637	0.0357875
6.36908	0.0353983
6.41179	0.0350107
6.4545	0.0346249
6.49721	0.0342407
6.53992	0.0338584
6.58263	0.0334778
6.62534	0.0330991
6.66805	0.0327222
6.71076	0.0323473
6.75347	0.0319743
6.79618	0.0316033
6.83889	0.0312343
6.8816	0.0308673
6.92431	0.0305024
6.96702	0.0301395
7.00973	0.0297788
7.05244	0.0294203
7.09515	0.0290639
7.13786	0.0287097
7.18057	0.0283578
7.22328	0.0280081
7.26599	0.0276607
7.3087	0.0273156
7.35141	0.0269728
7.39412	0.0266323
7.43683	0.0262942
7.47954	0.0259585
7.52225	0.0256252
7.56496	0.0252943
7.60767	0.0249658
7.65038	0.0246398
7.69309	0.0243162
7.7358	0.0239952
7.77851	0.0236766
7.82122	0.0233605
7.86393	0.023047
7.90664	0.022736
7.94935	0.0224275
7.99206	0.0221216
8.03477	0.0218183
8.07748	0.0215175
8.12019	0.0212193
8.1629	0.0209237
8.20561	0.0206307
8.24832	0.0203403
8.29103	0.0200525
8.33374	0.0197674
8.37645	0.0194848
8.41916	0.0192049
8.46187	0.0189276
8.50458	0.018653
8.54729	0.0183809
8.59	0.0181115
8.63271	0.0178448
8.67542	0.0175807
8.71813	0.0173192
8.76084	0.0170603
8.80355	0.0168041
8.84626	0.0165505
8.88897	0.0162995
8.93168	0.0160512
8.97439	0.0158054
9.0171	0.0155623
9.05981	0.0153218
9.10252	0.0150839
9.14523	0.0148486
9.18794	0.0146159
9.23065	0.0143858
9.27336	0.0141583
9.31607	0.0139333
9.35878	0.0137109
9.40149	0.0134911
9.4442	0.0132738
9.48691	0.013059
9.52962	0.0128468
9.57233	0.0126371
9.61504	0.0124299
9.65775	0.0122252
9.70046	0.0120229
9.74317	0.0118232
9.78588	0.0116259
9.82859	0.0114311
9.8713	0.0112387
9.91401	0.0110487
9.95672	0.0108612
9.99943	0.010676
10.0421	0.0104932
10.0848	0.0103128
10.1276	0.0101348
10.1703	0.00995906
10.213	0.00978567
10.2557	0.00961459
10.2984	0.00944581
10.3411	0.00927931
10.3838	0.00911507
10.4265	0.00895309
10.4692	0.00879333
10.5119	0.00863578
10.5547	0.00848044
10.5974	0.00832727
10.6401	0.00817627
10.6828	0.00802742
10.7255	0.00788069
10.7682	0.00773608
10.8109	0.00759356
10.8536	0.00745312
10.8963	0.00731474
10.939	0.0071784
10.9818	0.00704408
11.0245	0.00691177
11.0672	0.00678144
11.1099	0.00665308
11.1526	0.00652666
11.1953	0.00640218
11.238	0.00627961
11.2807	0.00615893
11.3234	0.00604013
11.3661	0.00592318
11.4089	0.00580807
11.4516	0.00569478
11.4943	0.00558329
11.537	0.00547357
11.5797	0.00536562
11.6224	0.0052594
11.6651	0.00515492
11.7078	0.00505213
11.7505	0.00495103
11.7932	0.00485159
11.836	0.00475381
11.8787	0.00465765
11.9214	0.0045631
11.9641	0.00447014
12.0068	0.00437875
12.0495	0.00428891
12.0922	0.00420061
12.1349	0.00411382
12.1776	0.00402853
12.2203	0.00394471
12.2631	0.00386236
12.3058	0.00378145
12.3485	0.00370195
12.3912	0.00362387
12.4339	0.00354717
12.4766	0.00347183
12.5193	0.00339785
12.562	0.0033252
12.6047	0.00325386
12.6474	0.00318382
12.6902	0.00311505
12.7329	0.00304755
12.7756	0.00298129
12.8183	0.00291626
12.861	0.00285243
12.9037	0.0027898
12.9464	0.00272834
12.9891	0.00266803
13.0318	0.00260887
13.0745	0.00255083
13.1173	0.0024939
13.16	0.00243807
13.2027	0.0023833
13.2454	0.00232959
13.2881	0.00227693
13.3308	0.00222529
13.3735	0.00217467
13.4162	0.00212504
13.4589	0.00207639
13.5017	0.0020287
13.5444	0.00198196
13.5871	0.00193616
13.6298	0.00189128
13.6725	0.0018473
13.7152	0.00180421
13.7579	0.00176199
13.8006	0.00172064
13.8433	0.00168013
13.886	0.00164046
13.9288	0.00160161
13.9715	0.00156356
14.0142	0.0015263
14.0569	0.00148982
14.0996	0.0014541
14.1423	0.00141914
14.185	0.00138491
14.2277	0.00135142
14.2704	0.00131863
14.3131	0.00128654
14.3559	0.00125515
14.3986	0.00122443
14.4413	0.00119437
14.484	0.00116497
14.5267	0.0011362
14.5694	0.00110806
14.6121	0.00108055
14.6548	0.00105363
14.6975	0.00102731
14.7402	0.00100158
14.783	0.000976418
14.8257	0.000951818
14.8684	0.00092777
14.9111	0.000904262
14.9538	0.000881286
14.9965	0.000858829
15.0392	0.000836884
15.0819	0.000815439
15.1246	0.000794485
15.1673	0.000774013
15.2101	0.000754012
15.2528	0.000734474
15.2955	0.00071539
15.3382	0.000696751
15.3809	0.000678547
15.4236	0.00066077
15.4663	0.000643411
15.509	0.000626463
15.5517	0.000609915
15.5944	0.000593762
15.6372	0.000577993
15.6799	0.000562602
15.7226	0.00054758
15.7653	0.00053292
15.808	0.000518615
15.8507	0.000504656
15.8934	0.000491037
15.9361	0.00047775
15.9788	0.000464788
16.0215	0.000452145
16.0643	0.000439813
16.107	0.000427787
16.1497	0.000416058
16.1924	0.000404621
16.2351	0.00039347
16.2778	0.000382597
16.3205	0.000371998
16.3632	0.000361666
16.4059	0.000351595
16.4486	0.000341779
16.4914	0.000332212
16.5341	0.00032289
16.5768	0.000313806
16.6195	0.000304956
16.6622	0.000296333
16.7049	0.000287932
16.7476	0.000279749
16.7903	0.000271779
16.833	0.000264017
16.8757	0.000256457
16.9185	0.000249095
16.9612	0.000241927
17.0039	0.000234948
17.0466	0.000228153
17.0893	0.000221539
17.132	0.0002151
17.1747	0.000208833
17.2174	0.000202734
17.2601	0.000196798
17.3028	0.000191023
17.3456	0.000185403
17.3883	0.000179935
17.431	0.000174615
17.4737	0.000169441
17.5164	0.000164407
17.5591	0.000159512
17.6018	0.00015475
17.6445	0.00015012
17.6872	0.000145618
17.7299	0.00014124
17.7727	0.000136984
17.8154	0.000132846
17.8581	0.000128824
17.9008	0.000124914
17.9435	0.000121114
17.9862	0.000117421
18.0289	0.000113832
18.0716	0.000110345
18.1143	0.000106957
18.157	0.000103665
18.1998	0.000100467
18.2425	9.73604e-05
18.2852	9.4343e-05
18.3279	9.14124e-05
18.3706	8.85664e-05
18.4133	8.58026e-05
18.456	8.31189e-05
18.4987	8.05133e-05
18.5414	7.79836e-05
18.5841	7.55278e-05
18.6269	7.3144e-05
18.6696	7.08301e-05
18.7123	6.85845e-05
18.755	6.64051e-05
18.7977	6.42903e-05
18.8404	6.22382e-05
18.8831	6.02472e-05
18.9258	5.83156e-05
18.9685	5.64417e-05
19.0112	5.46241e-05
19.054	5.28611e-05
19.0967	5.11512e-05
19.1394	4.9493e-05
19.1821	4.7885e-05
19.2248	4.63259e-05
19.2675	4.48142e-05
19.3102	4.33486e-05
19.3529	4.19279e-05
19.3956	4.05508e-05
19.4383	3.9216e-05
19.4811	3.79223e-05
19.5238	3.66687e-05
19.5665	3.54538e-05
19.6092	3.42767e-05
19.6519	3.31362e-05
19.6946	3.20314e-05
19.7373	3.0961e-05
19.78	2.99243e-05
19.8227	2.89201e-05
19.8654	2.79476e-05
19.9082	2.70057e-05
19.9509	2.60937e-05
19.9936	2.52107e-05
20.0363	2.43557e-05
20.079	2.3528e-05
20.1217	2.27267e-05
20.1644	2.19511e-05
20.2071	2.12005e-05
20.2498	2.0474e-05
20.2925	1.97709e-05
20.3353	1.90905e-05
20.378	1.84323e-05
20.4207	1.77954e-05
20.4634	1.71792e-05
20.5061	1.65832e-05
20.5488	1.60066e-05
20.5915	1.5449e-05
20.6342	1.49097e-05
20.6769	1.43882e-05
20.7196	1.38839e-05
20.7624	1.33962e-05
20.8051	1.29248e-05
20.8478	1.2469e-05
20.8905	1.20284e-05
20.9332	1.16025e-05
20.9759	1.11909e-05
21.0186	1.07931e-05
21.0613	1.04086e-05
21.104	1.00372e-05
21.1467	9.67822e-06
21.1895	9.33143e-06
21.2322	8.9964e-06
21.2749	8.67277e-06
21.3176	8.36016e-06
21.3603	8.05822e-06
21.403	7.76662e-06
21.4457	7.48501e-06
21.4884	7.21309e-06
21.5311	6.95053e-06
21.5738	6.69704e-06
21.6166	6.45232e-06
21.6593	6.21608e-06
21.702	5.98805e-06
21.7447	5.76796e-06
21.7874	5.55555e-06
21.8301	5.35057e-06
21.8728	5.15277e-06
21.9155	4.96192e-06
21.9582	4.77779e-06
22.0009	4.60015e-06
22.0437	4.42879e-06
22.0864	4.2635e-06
22.1291	4.10407e-06
22.1718	3.95032e-06
22.2145	3.80204e-06
22.2572	3.65906e-06
22.2999	3.5212e-06
22.3426	3.38829e-06
22.3853	3.26015e-06
22.428	3.13662e-06
22.4708	3.01756e-06
22.5135	2.9028e-06
22.5562	2.7922e-06
22.5989	2.68561e-06
22.6416	2.5829e-06
22.6843	2.48394e-06
22.727	2.3886e-06
22.7697	2.29674e-06
22.8124	2.20826e-06
22.8551	2.12302e-06
22.8979	2.04093e-06
22.9406	1.96187e-06
22.9833	1.88573e-06
23.026	1.81241e-06
23.0687	1.74181e-06
